113
259
150
149
219
161
52
97
29
229
49
116
77
158
119
175
240
55
73
250
93
70
230
212
31
229
-1
-1
-1
-1
-1
-1
-1
-1
-1
-1
-1
-1
-1
-1
-1
-1
-1
-1
-1
-1
-1
-1
-1
-1
11
4
3
5
4
4
2
5
8
2
2
2
10
7
2
2
2
4
5
3
5
5
2
2
750
750
1250
500
750
500
500
1250
500
500
7500
500
500
500
2500
500
500
500
500
500
500
500
3000
1250
271
443
308
432
905
356
568
1113
241
245
248
2271
360
1180
249
302
247
589
235
249
1143
245
366
360
250
262
245
323
643
1778
269
231
561
226
175
247
115
250
288
376
248
358
275
251
334
357
240
445
250
1513
246
299
45
248
796
271
542
245
246
237
442
248
565
410
150
280
482
190
260
273
500
9250
750
500
500
500
4500
500
500
500
1250
500
750
500
1250
500
1250
1500
1500
750
6750
1250
500
500
500
6500
1000
750
500
500
7750
750
500
500
750
500
500
500
500
250
1500
500
500
500
1000
500
500
500
750
500
750
4000
500
12000
750
500
500
250
1000
750
250
750
2250
500
500
1250
1250
500
500
500
249
413
859
1304
3198
389
709
1795
324
878
238
230
348
1139
729
249
1423
2994
563
2516
368
241
250
602
370
383
538
449
459
1826
1618
497
870
2322
231
382
294
240
214
983
362
238
250
248
936
249
492
277
465
426
5970
233
248
245
264
247
358
231
239
336
243
269
246
235
268
241
244
336
758
259
244
425
865
454
247
224
265
82
201
247
373
238
332
247
374
702
239
237
258
1437
365
3288
424
2090
2567
972
419
260
245
232
248
291
245
381
388
437
357
247
947
3061
222
235
358
249
356
458
490
243
250
242
310
240
248
1069
174
369
383
243
249
248
369
839
242
431
243
468
2850
254
485
395
